,mean_fit_time,std_fit_time,mean_score_time,std_score_time,param_n_estimators,param_min_samples_split,param_min_samples_leaf,param_max_features,param_max_depth,params,split0_test_r2_score,split1_test_r2_score,split2_test_r2_score,split3_test_r2_score,mean_test_r2_score,std_test_r2_score,rank_test_r2_score,split0_test_recall_score,split1_test_recall_score,split2_test_recall_score,split3_test_recall_score,mean_test_recall_score,std_test_recall_score,rank_test_recall_score,split0_test_accuracy_score,split1_test_accuracy_score,split2_test_accuracy_score,split3_test_accuracy_score,mean_test_accuracy_score,std_test_accuracy_score,rank_test_accuracy_score
0,0.09981387853622437,0.008519462381897054,0.016498088836669922,0.0010971076444555906,35,9,6,sqrt,4,"{'n_estimators': 35, 'min_samples_split': 9, 'min_samples_leaf': 6, 'max_features': 'sqrt', 'max_depth': 4}",1.0,0.875,0.8571428571428571,0.8571428571428571,0.8973214285714286,0.05972807214401632,22,1.0,0.875,0.8571428571428571,0.8571428571428571,0.8973214285714286,0.05972807214401632,22,1.0,0.875,0.8571428571428571,0.8571428571428571,0.8973214285714286,0.05972807214401632,22
1,0.10647982358932495,0.009785208526094113,0.01701521873474121,0.00043055494264600085,35,9,8,log2,8,"{'n_estimators': 35, 'min_samples_split': 9, 'min_samples_leaf': 8, 'max_features': 'log2', 'max_depth': 8}",0.5,0.625,0.5714285714285714,0.5714285714285714,0.5669642857142857,0.044419082013688396,37,0.5,0.625,0.5714285714285714,0.5714285714285714,0.5669642857142857,0.044419082013688396,37,0.5,0.625,0.5714285714285714,0.5714285714285714,0.5669642857142857,0.044419082013688396,37
2,0.060732245445251465,0.005539213843083836,0.013901710510253906,0.0010936057641086803,20,8,2,0.2,8,"{'n_estimators': 20, 'min_samples_split': 8, 'min_samples_leaf': 2, 'max_features': 0.2, 'max_depth': 8}",0.875,1.0,0.8571428571428571,0.7142857142857143,0.8616071428571429,0.10131076533848407,28,0.875,1.0,0.8571428571428571,0.7142857142857143,0.8616071428571429,0.10131076533848407,28,0.875,1.0,0.8571428571428571,0.7142857142857143,0.8616071428571429,0.10131076533848407,28
3,0.11053895950317383,0.006268785957050711,0.016155481338500977,0.00013145677047130723,40,8,6,log2,6,"{'n_estimators': 40, 'min_samples_split': 8, 'min_samples_leaf': 6, 'max_features': 'log2', 'max_depth': 6}",1.0,1.0,0.8571428571428571,1.0,0.9642857142857143,0.06185895741317421,12,1.0,1.0,0.8571428571428571,1.0,0.9642857142857143,0.06185895741317421,12,1.0,1.0,0.8571428571428571,1.0,0.9642857142857143,0.06185895741317421,12
4,0.09014666080474854,0.0006782338225756137,0.015570461750030518,0.00014835809213372577,35,9,6,sqrt,2,"{'n_estimators': 35, 'min_samples_split': 9, 'min_samples_leaf': 6, 'max_features': 'sqrt', 'max_depth': 2}",0.75,1.0,0.7142857142857143,1.0,0.8660714285714286,0.13452249261892288,27,0.75,1.0,0.7142857142857143,1.0,0.8660714285714286,0.13452249261892288,27,0.75,1.0,0.7142857142857143,1.0,0.8660714285714286,0.13452249261892288,27
5,0.09241580963134766,0.0008730093222108628,0.015723586082458496,0.0003334091178912152,35,9,4,log2,2,"{'n_estimators': 35, 'min_samples_split': 9, 'min_samples_leaf': 4, 'max_features': 'log2', 'max_depth': 2}",0.875,1.0,1.0,1.0,0.96875,0.05412658773652741,11,0.875,1.0,1.0,1.0,0.96875,0.05412658773652741,11,0.875,1.0,1.0,1.0,0.96875,0.05412658773652741,11
6,0.10126036405563354,0.0011271203639023981,0.016385138034820557,0.0003005259037482177,40,9,8,log2,4,"{'n_estimators': 40, 'min_samples_split': 9, 'min_samples_leaf': 8, 'max_features': 'log2', 'max_depth': 4}",0.5,0.875,0.7142857142857143,0.5714285714285714,0.6651785714285714,0.14362239234058405,31,0.5,0.875,0.7142857142857143,0.5714285714285714,0.6651785714285714,0.14362239234058405,31,0.5,0.875,0.7142857142857143,0.5714285714285714,0.6651785714285714,0.14362239234058405,31
7,0.0551379919052124,0.0012061218006304893,0.013676881790161133,0.00027292580887155977,20,9,2,log2,8,"{'n_estimators': 20, 'min_samples_split': 9, 'min_samples_leaf': 2, 'max_features': 'log2', 'max_depth': 8}",1.0,1.0,1.0,1.0,1.0,0.0,1,1.0,1.0,1.0,1.0,1.0,0.0,1,1.0,1.0,1.0,1.0,1.0,0.0,1
8,0.05493950843811035,0.0012635642953272188,0.01343613862991333,2.3192488204404292e-05,20,6,4,log2,6,"{'n_estimators': 20, 'min_samples_split': 6, 'min_samples_leaf': 4, 'max_features': 'log2', 'max_depth': 6}",1.0,1.0,0.8571428571428571,1.0,0.9642857142857143,0.06185895741317421,12,1.0,1.0,0.8571428571428571,1.0,0.9642857142857143,0.06185895741317421,12,1.0,1.0,0.8571428571428571,1.0,0.9642857142857143,0.06185895741317421,12
9,0.10268640518188477,0.0008769894362592639,0.016094744205474854,0.0002902290317741322,40,6,8,log2,8,"{'n_estimators': 40, 'min_samples_split': 6, 'min_samples_leaf': 8, 'max_features': 'log2', 'max_depth': 8}",0.625,0.375,0.5714285714285714,0.5714285714285714,0.5357142857142857,0.09533105582170813,39,0.625,0.375,0.5714285714285714,0.5714285714285714,0.5357142857142857,0.09533105582170813,39,0.625,0.375,0.5714285714285714,0.5714285714285714,0.5357142857142857,0.09533105582170813,39
10,0.05497652292251587,0.001158854680316187,0.01362764835357666,0.00016833065067821894,20,6,4,sqrt,8,"{'n_estimators': 20, 'min_samples_split': 6, 'min_samples_leaf': 4, 'max_features': 'sqrt', 'max_depth': 8}",1.0,1.0,1.0,1.0,1.0,0.0,1,1.0,1.0,1.0,1.0,1.0,0.0,1,1.0,1.0,1.0,1.0,1.0,0.0,1
11,0.08962947130203247,0.0010873680475973274,0.015354752540588379,5.482085156239034e-05,35,9,6,log2,6,"{'n_estimators': 35, 'min_samples_split': 9, 'min_samples_leaf': 6, 'max_features': 'log2', 'max_depth': 6}",0.875,0.875,0.8571428571428571,1.0,0.9017857142857143,0.057170752119936157,21,0.875,0.875,0.8571428571428571,1.0,0.9017857142857143,0.057170752119936157,21,0.875,0.875,0.8571428571428571,1.0,0.9017857142857143,0.057170752119936157,21
12,0.09104490280151367,0.000577167284178124,0.015772879123687744,0.00037667684743176397,35,8,8,log2,8,"{'n_estimators': 35, 'min_samples_split': 8, 'min_samples_leaf': 8, 'max_features': 'log2', 'max_depth': 8}",0.375,0.625,0.5714285714285714,0.5714285714285714,0.5357142857142857,0.09533105582170813,39,0.375,0.625,0.5714285714285714,0.5714285714285714,0.5357142857142857,0.09533105582170813,39,0.375,0.625,0.5714285714285714,0.5714285714285714,0.5357142857142857,0.09533105582170813,39
13,0.10803377628326416,0.003109332508127283,0.019739389419555664,0.0037606218063534805,40,9,2,sqrt,8,"{'n_estimators': 40, 'min_samples_split': 9, 'min_samples_leaf': 2, 'max_features': 'sqrt', 'max_depth': 8}",1.0,1.0,0.8571428571428571,1.0,0.9642857142857143,0.06185895741317421,12,1.0,1.0,0.8571428571428571,1.0,0.9642857142857143,0.06185895741317421,12,1.0,1.0,0.8571428571428571,1.0,0.9642857142857143,0.06185895741317421,12
14,0.1000165343284607,0.00934862264853405,0.015673458576202393,0.00033350619333734566,35,6,8,log2,2,"{'n_estimators': 35, 'min_samples_split': 6, 'min_samples_leaf': 8, 'max_features': 'log2', 'max_depth': 2}",0.375,0.625,0.7142857142857143,0.5714285714285714,0.5714285714285714,0.12436060961771536,35,0.375,0.625,0.7142857142857143,0.5714285714285714,0.5714285714285714,0.12436060961771536,35,0.375,0.625,0.7142857142857143,0.5714285714285714,0.5714285714285714,0.12436060961771536,35
15,0.1095171570777893,0.00946733618330924,0.018327534198760986,0.0024721457797811388,40,6,2,log2,2,"{'n_estimators': 40, 'min_samples_split': 6, 'min_samples_leaf': 2, 'max_features': 'log2', 'max_depth': 2}",1.0,1.0,1.0,1.0,1.0,0.0,1,1.0,1.0,1.0,1.0,1.0,0.0,1,1.0,1.0,1.0,1.0,1.0,0.0,1
16,0.10518455505371094,0.003981881316620497,0.01618129014968872,0.00038154327067349146,40,9,2,sqrt,6,"{'n_estimators': 40, 'min_samples_split': 9, 'min_samples_leaf': 2, 'max_features': 'sqrt', 'max_depth': 6}",1.0,1.0,0.8571428571428571,1.0,0.9642857142857143,0.06185895741317421,12,1.0,1.0,0.8571428571428571,1.0,0.9642857142857143,0.06185895741317421,12,1.0,1.0,0.8571428571428571,1.0,0.9642857142857143,0.06185895741317421,12
17,0.055374324321746826,0.001719058380432293,0.013463795185089111,0.00019905441198739705,20,9,8,log2,2,"{'n_estimators': 20, 'min_samples_split': 9, 'min_samples_leaf': 8, 'max_features': 'log2', 'max_depth': 2}",0.5,1.0,0.5714285714285714,0.5714285714285714,0.6607142857142856,0.19804529475731103,32,0.5,1.0,0.5714285714285714,0.5714285714285714,0.6607142857142856,0.19804529475731103,32,0.5,1.0,0.5714285714285714,0.5714285714285714,0.6607142857142856,0.19804529475731103,32
18,0.10379844903945923,0.000993248085970418,0.016331374645233154,0.00021527543319883625,40,9,4,sqrt,4,"{'n_estimators': 40, 'min_samples_split': 9, 'min_samples_leaf': 4, 'max_features': 'sqrt', 'max_depth': 4}",1.0,1.0,0.8571428571428571,1.0,0.9642857142857143,0.06185895741317421,12,1.0,1.0,0.8571428571428571,1.0,0.9642857142857143,0.06185895741317421,12,1.0,1.0,0.8571428571428571,1.0,0.9642857142857143,0.06185895741317421,12
19,0.1086416244506836,0.005447622198332761,0.016909122467041016,0.0010381606112922625,40,8,4,sqrt,8,"{'n_estimators': 40, 'min_samples_split': 8, 'min_samples_leaf': 4, 'max_features': 'sqrt', 'max_depth': 8}",1.0,1.0,1.0,1.0,1.0,0.0,1,1.0,1.0,1.0,1.0,1.0,0.0,1,1.0,1.0,1.0,1.0,1.0,0.0,1
20,0.057823359966278076,0.005318954204736279,0.013712584972381592,0.0003969542031280023,20,6,6,sqrt,6,"{'n_estimators': 20, 'min_samples_split': 6, 'min_samples_leaf': 6, 'max_features': 'sqrt', 'max_depth': 6}",1.0,1.0,0.7142857142857143,1.0,0.9285714285714286,0.12371791482634838,17,1.0,1.0,0.7142857142857143,1.0,0.9285714285714286,0.12371791482634838,17,1.0,1.0,0.7142857142857143,1.0,0.9285714285714286,0.12371791482634838,17
21,0.09390652179718018,0.004366195913540125,0.015816807746887207,0.00051245982727964,35,8,4,0.2,4,"{'n_estimators': 35, 'min_samples_split': 8, 'min_samples_leaf': 4, 'max_features': 0.2, 'max_depth': 4}",1.0,1.0,0.8571428571428571,0.7142857142857143,0.8928571428571429,0.11845088536983571,25,1.0,1.0,0.8571428571428571,0.7142857142857143,0.8928571428571429,0.11845088536983571,25,1.0,1.0,0.8571428571428571,0.7142857142857143,0.8928571428571429,0.11845088536983571,25
22,0.09126931428909302,0.0029874433840083596,0.01566976308822632,0.0005099001853013776,35,9,8,sqrt,6,"{'n_estimators': 35, 'min_samples_split': 9, 'min_samples_leaf': 8, 'max_features': 'sqrt', 'max_depth': 6}",0.5,0.625,0.7142857142857143,0.5714285714285714,0.6026785714285714,0.07822060476756801,34,0.5,0.625,0.7142857142857143,0.5714285714285714,0.6026785714285714,0.07822060476756801,34,0.5,0.625,0.7142857142857143,0.5714285714285714,0.6026785714285714,0.07822060476756801,34
23,0.09583842754364014,0.0031076482480479656,0.015806853771209717,0.000410334457355742,35,9,6,log2,2,"{'n_estimators': 35, 'min_samples_split': 9, 'min_samples_leaf': 6, 'max_features': 'log2', 'max_depth': 2}",1.0,0.875,0.7142857142857143,1.0,0.8973214285714286,0.11735213775084745,22,1.0,0.875,0.7142857142857143,1.0,0.8973214285714286,0.11735213775084745,22,1.0,0.875,0.7142857142857143,1.0,0.8973214285714286,0.11735213775084745,22
24,0.05391472578048706,0.0006973574989884619,0.01345890760421753,0.00027823475634006467,20,8,4,sqrt,8,"{'n_estimators': 20, 'min_samples_split': 8, 'min_samples_leaf': 4, 'max_features': 'sqrt', 'max_depth': 8}",1.0,1.0,1.0,1.0,1.0,0.0,1,1.0,1.0,1.0,1.0,1.0,0.0,1,1.0,1.0,1.0,1.0,1.0,0.0,1
25,0.05373537540435791,0.00040971296336903825,0.013415336608886719,0.00013571997247965688,20,8,4,0.2,6,"{'n_estimators': 20, 'min_samples_split': 8, 'min_samples_leaf': 4, 'max_features': 0.2, 'max_depth': 6}",1.0,1.0,1.0,0.7142857142857143,0.9285714285714286,0.12371791482634838,17,1.0,1.0,1.0,0.7142857142857143,0.9285714285714286,0.12371791482634838,17,1.0,1.0,1.0,0.7142857142857143,0.9285714285714286,0.12371791482634838,17
26,0.10184752941131592,0.00157405138101515,0.01605898141860962,0.00011685361015658761,40,9,4,log2,4,"{'n_estimators': 40, 'min_samples_split': 9, 'min_samples_leaf': 4, 'max_features': 'log2', 'max_depth': 4}",1.0,1.0,1.0,0.7142857142857143,0.9285714285714286,0.12371791482634838,17,1.0,1.0,1.0,0.7142857142857143,0.9285714285714286,0.12371791482634838,17,1.0,1.0,1.0,0.7142857142857143,0.9285714285714286,0.12371791482634838,17
27,0.054649949073791504,0.0012781295203432928,0.01332247257232666,8.406486620740016e-05,20,9,4,0.2,8,"{'n_estimators': 20, 'min_samples_split': 9, 'min_samples_leaf': 4, 'max_features': 0.2, 'max_depth': 8}",1.0,1.0,1.0,1.0,1.0,0.0,1,1.0,1.0,1.0,1.0,1.0,0.0,1,1.0,1.0,1.0,1.0,1.0,0.0,1
28,0.10381639003753662,0.0006648355943442105,0.0164300799369812,0.00025108484026217565,40,6,6,sqrt,4,"{'n_estimators': 40, 'min_samples_split': 6, 'min_samples_leaf': 6, 'max_features': 'sqrt', 'max_depth': 4}",0.875,1.0,0.7142857142857143,0.7142857142857143,0.8258928571428572,0.12003865767632814,30,0.875,1.0,0.7142857142857143,0.7142857142857143,0.8258928571428572,0.12003865767632814,30,0.875,1.0,0.7142857142857143,0.7142857142857143,0.8258928571428572,0.12003865767632814,30
29,0.0529819130897522,0.00021243860511134324,0.013488590717315674,0.00023347299135551052,20,9,8,log2,4,"{'n_estimators': 20, 'min_samples_split': 9, 'min_samples_leaf': 8, 'max_features': 'log2', 'max_depth': 4}",0.375,0.5,0.7142857142857143,0.5714285714285714,0.5401785714285714,0.12266635414316147,38,0.375,0.5,0.7142857142857143,0.5714285714285714,0.5401785714285714,0.12266635414316147,38,0.375,0.5,0.7142857142857143,0.5714285714285714,0.5401785714285714,0.12266635414316147,38
30,0.11557596921920776,0.013609274311531935,0.019574403762817383,0.005082744507981643,40,9,6,sqrt,4,"{'n_estimators': 40, 'min_samples_split': 9, 'min_samples_leaf': 6, 'max_features': 'sqrt', 'max_depth': 4}",1.0,0.875,0.8571428571428571,0.7142857142857143,0.8616071428571429,0.10131076533848407,28,1.0,0.875,0.8571428571428571,0.7142857142857143,0.8616071428571429,0.10131076533848407,28,1.0,0.875,0.8571428571428571,0.7142857142857143,0.8616071428571429,0.10131076533848407,28
31,0.05341064929962158,0.0009424410268195597,0.013327240943908691,0.00011520262634254303,20,8,4,log2,4,"{'n_estimators': 20, 'min_samples_split': 8, 'min_samples_leaf': 4, 'max_features': 'log2', 'max_depth': 4}",1.0,1.0,1.0,1.0,1.0,0.0,1,1.0,1.0,1.0,1.0,1.0,0.0,1,1.0,1.0,1.0,1.0,1.0,0.0,1
32,0.11354804039001465,0.01852795535829296,0.020044386386871338,0.006755366447826638,40,6,8,0.2,2,"{'n_estimators': 40, 'min_samples_split': 6, 'min_samples_leaf': 8, 'max_features': 0.2, 'max_depth': 2}",0.5,0.5,0.7142857142857143,0.5714285714285714,0.5714285714285714,0.08748177652797065,35,0.5,0.5,0.7142857142857143,0.5714285714285714,0.5714285714285714,0.08748177652797065,35,0.5,0.5,0.7142857142857143,0.5714285714285714,0.5714285714285714,0.08748177652797065,35
33,0.10970824956893921,0.005536970073820663,0.022012054920196533,0.00478314940532722,40,8,2,0.2,6,"{'n_estimators': 40, 'min_samples_split': 8, 'min_samples_leaf': 2, 'max_features': 0.2, 'max_depth': 6}",1.0,1.0,0.8571428571428571,0.8571428571428571,0.9285714285714286,0.07142857142857145,17,1.0,1.0,0.8571428571428571,0.8571428571428571,0.9285714285714286,0.07142857142857145,17,1.0,1.0,0.8571428571428571,0.8571428571428571,0.9285714285714286,0.07142857142857145,17
34,0.10412919521331787,0.001020891770119444,0.016532421112060547,0.00012650706386042263,40,9,6,0.2,8,"{'n_estimators': 40, 'min_samples_split': 9, 'min_samples_leaf': 6, 'max_features': 0.2, 'max_depth': 8}",1.0,0.875,0.8571428571428571,0.8571428571428571,0.8973214285714286,0.05972807214401632,22,1.0,0.875,0.8571428571428571,0.8571428571428571,0.8973214285714286,0.05972807214401632,22,1.0,0.875,0.8571428571428571,0.8571428571428571,0.8973214285714286,0.05972807214401632,22
35,0.12662160396575928,0.0305415551053173,0.016543984413146973,0.005453690330479131,35,9,4,sqrt,8,"{'n_estimators': 35, 'min_samples_split': 9, 'min_samples_leaf': 4, 'max_features': 'sqrt', 'max_depth': 8}",1.0,1.0,1.0,1.0,1.0,0.0,1,1.0,1.0,1.0,1.0,1.0,0.0,1,1.0,1.0,1.0,1.0,1.0,0.0,1
36,0.11698764562606812,0.012471305799352472,0.01593160629272461,0.0033723292675962224,40,9,4,0.2,6,"{'n_estimators': 40, 'min_samples_split': 9, 'min_samples_leaf': 4, 'max_features': 0.2, 'max_depth': 6}",1.0,1.0,0.7142857142857143,0.8571428571428571,0.8928571428571429,0.11845088536983571,25,1.0,1.0,0.7142857142857143,0.8571428571428571,0.8928571428571429,0.11845088536983571,25,1.0,1.0,0.7142857142857143,0.8571428571428571,0.8928571428571429,0.11845088536983571,25
37,0.11694014072418213,0.01700763592635443,0.018619537353515625,0.004645740952696596,40,8,2,sqrt,8,"{'n_estimators': 40, 'min_samples_split': 8, 'min_samples_leaf': 2, 'max_features': 'sqrt', 'max_depth': 8}",1.0,1.0,1.0,1.0,1.0,0.0,1,1.0,1.0,1.0,1.0,1.0,0.0,1,1.0,1.0,1.0,1.0,1.0,0.0,1
38,0.0992925763130188,0.012185615163886592,0.015615105628967285,0.0007878166037671104,35,8,2,sqrt,2,"{'n_estimators': 35, 'min_samples_split': 8, 'min_samples_leaf': 2, 'max_features': 'sqrt', 'max_depth': 2}",1.0,1.0,1.0,1.0,1.0,0.0,1,1.0,1.0,1.0,1.0,1.0,0.0,1,1.0,1.0,1.0,1.0,1.0,0.0,1
39,0.08939570188522339,0.019691610487749877,0.01180720329284668,0.002394639605125051,40,8,8,0.2,2,"{'n_estimators': 40, 'min_samples_split': 8, 'min_samples_leaf': 8, 'max_features': 0.2, 'max_depth': 2}",0.5,0.875,0.5714285714285714,0.5714285714285714,0.6294642857142857,0.14472825962006544,33,0.5,0.875,0.5714285714285714,0.5714285714285714,0.6294642857142857,0.14472825962006544,33,0.5,0.875,0.5714285714285714,0.5714285714285714,0.6294642857142857,0.14472825962006544,33
